name: CAE
channels:
  - defaults
dependencies:
  - _tflow_180_select=3.0=eigen
  - absl-py=0.2.2=py27_0
  - astor=0.6.2=py27_1
  - backports=1.0=py27_1
  - backports.weakref=1.0.post1=py27_0
  - blas=1.0=mkl
  - bleach=1.5.0=py27_0
  - ca-certificates=2018.03.07=0
  - certifi=2018.4.16=py27_0
  - enum34=1.1.6=py27_1
  - funcsigs=1.0.2=py27_0
  - futures=3.2.0=py27_0
  - gast=0.2.0=py27_0
  - grpcio=1.12.1=py27hdbcaa40_0
  - html5lib=0.9999999=py27_0
  - intel-openmp=2018.0.3=0
  - libedit=3.1.20170329=h6b74fdf_2
  - libffi=3.2.1=hd88cf55_4
  - libgcc-ng=7.2.0=hdf63c60_3
  - libgfortran-ng=7.2.0=hdf63c60_3
  - libprotobuf=3.5.2=h6f1eeef_0
  - libstdcxx-ng=7.2.0=hdf63c60_3
  - markdown=2.6.11=py27_0
  - mkl=2018.0.3=1
  - mkl_fft=1.0.2=py27h651fb7a_0
  - mkl_random=1.0.1=py27h4414c95_1
  - mock=2.0.0=py27_0
  - ncurses=6.1=hf484d3e_0
  - nltk=3.3.0=py27_0
  - numpy=1.14.5=py27h1b885b7_4
  - numpy-base=1.14.5=py27hdbf6ddf_4
  - openssl=1.0.2o=h20670df_0
  - pbr=4.0.4=py27_0
  - pip=10.0.1=py27_0
  - protobuf=3.5.2=py27hf484d3e_1
  - python=2.7.15=h1571d57_0
  - readline=7.0=ha6073c6_4
  - setuptools=39.2.0=py27_0
  - six=1.11.0=py27_1
  - sqlite=3.24.0=h84994c4_0
  - tensorboard=1.8.0=py27hf484d3e_0
  - tensorflow=1.8.0=h7b2774c_0
  - tensorflow-base=1.8.0=py27h5f64886_0
  - termcolor=1.1.0=py27_1
  - tk=8.6.7=hc745277_3
  - werkzeug=0.14.1=py27_0
  - wheel=0.31.1=py27_0
  - zlib=1.2.11=ha838bed_2
  - pip:
    - backports.shutil-get-terminal-size==1.0.0
    - decorator==4.3.0
    - ipdb==0.11
    - ipython==5.7.0
    - ipython-genutils==0.2.0
    - pathlib2==2.3.2
    - pexpect==4.6.0
    - pickleshare==0.7.4
    - prompt-toolkit==1.0.15
    - ptyprocess==0.6.0
    - pygments==2.2.0
    - scandir==1.7
    - simplegeneric==0.8.1
    - traitlets==4.3.2
    - wcwidth==0.1.7
prefix: /h/johnchen/anaconda3/envs/CAE

